4294967294,18
4294967294,127
4294967294,14
4294967294,126
4294967294,20
4294967294,13
4294967278,380
4294967278,296
4294967278,313
4294967279,441
4294967279,424
4294967279,300
4294967279,268
4294967279,417
4294967278,278
4294967279,259
4294967278,343
4294967278,378
4294967279,255
4294967278,254
4294967278,253
4294967278,250
4294967278,242
4294967294,483
4294967279,405
4294967279,233
164,5
164,4
4294967278,224
164,3
164,2
164,1
4294967279,224
4294967294,1080
4294967294,1070
4294967294,185
4294967294,1076
4294967294,161
4294967278,218
4294967279,218
4294967279,216
4294967278,214
4294967279,280
4294967279,214
162,4
4294967278,212
162,3
162,2
162,1
4294967294,439
4294967294,1426
4294967279,402
4294967278,334
161,6
161,5
161,4
161,3
161,2
161,1
4294967279,204
4294967294,1427
4294967294,1424
4294967294,1425
4294967278,326
4294967278,324
160,5
160,4
160,3
160,2
160,1
4294967278,321
4294967279,389
4294967278,390
159,5
159,4
159,3
159,2
159,1
4294967279,312
4294967278,369
4294967294,482
4294967294,1087
4294967278,368
158,5
4294967279,304
4294967278,388
158,4
158,3
158,2
158,1
4294967278,356
4294967294,409
4294967294,396
4294967294,178
4294967294,179
4294967294,411
4294967294,168
4294967294,425
4294967294,457
4294967294,160
4294967294,116
4294967279,448
4294967278,317
4294967278,173
156,4
156,3
156,2
156,1
4294967294,481
4294967279,315
4294967278,308
4294967278,401
4294967279,423
4294967279,301
4294967278,55
4294967278,54
4294967278,53
4294967278,52
4294967278,51
4294967278,50
4294967278,49
4294967278,48
4294967278,47
4294967278,46
4294967278,45
4294967278,44
4294967278,43
4294967278,42
4294967278,41
4294967278,40
4294967278,39
4294967278,38
4294967278,37
4294967278,36
4294967278,35
4294967278,34
4294967278,33
4294967278,32
4294967278,31
4294967278,30
4294967279,75
4294967279,72
4294967279,71
4294967279,70
4294967279,69
4294967279,68
4294967279,67
4294967279,64
4294967279,62
4294967279,61
4294967279,60
4294967279,58
4294967279,56
4294967279,54
4294967279,52
4294967279,51
4294967279,49
4294967279,48
4294967279,45
4294967279,40
4294967279,36
4294967279,34
4294967279,32
4294967279,28
4294967279,27
4294967279,25
4294967279,24
4294967279,23
4294967279,174
4294967279,21
4294967279,17
4294967279,15
4294967279,14
4294967279,12
4294967279,9
4294967279,47
4294967278,392
4294967279,46
4294967279,29
4294967279,38
4294967279,308
4294967279,148
4294967294,480
4294967279,35
4294967278,290
4294967279,141
155,5
155,4
155,2
155,1
4294967278,139
4294967278,138
4294967279,22
4294967278,136
4294967279,136
153,4
153,3
153,2
153,1
4294967279,19
4294967278,272
4294967279,20
4294967278,271
152,6
4294967278,283
152,5
4294967279,13
152,4
152,3
152,2
152,1
4294967279,11
4294967279,286
4294967279,418
151,5
4294967279,264
4294967278,261
4294967279,263
151,4
151,3
151,2
151,1
4294967278,344
4294967294,1078
4294967294,420
4294967294,458
4294967294,111
4294967294,113
4294967279,284
4294967279,462
4294967278,385
4294967279,281
4294967278,377
4294967278,341
4294967279,412
4294967278,338
150,5
150,4
150,3
150,2
150,1
4294967294,469
4294967294,1072
4294967294,186
4294967294,1068
4294967279,451
4294967294,479
4294967294,1423
4294967294,390
4294967294,115
149,5
4294967279,439
4294967278,248
149,4
4294967279,248
149,3
149,2
149,1
4294967279,247
4294967278,246
4294967278,244
4294967279,240
4294967278,243
4294967279,243
4294967278,375
4294967278,236
4294967278,235
4294967279,236
4294967294,1166
4294967294,1160
4294967294,99
4294967278,233
4294967278,231
4294967278,228
147,4
4294967279,228
147,3
147,2
147,1
4294967279,227
4294967278,226
0,7
4294967294,1
4294967294,478
4294967294,29
4294967294,28
4294967279,226
4294967294,0
4294967294,89
4294967294,1079
4294967294,1156
4294967279,461
4294967279,411
4294967279,0
4294967294,388
4294967279,223
4294967278,347
4294967294,393
4294967294,46
4294967294,389
4294967294,44
4294967294,114
4294967294,120
4294967294,2
4294967279,221
4294967278,217
4294967294,42
4294967294,40
4294967294,38
4294967294,37
4294967279,213
4294967294,107
4294967294,91
4294967294,90
4294967294,87
4294967294,86
4294967294,85
4294967294,84
4294967294,1247
4294967294,1086
4294967294,1246
4294967294,419
4294967294,53
4294967294,45
4294967294,430
4294967294,36
4294967294,39
4294967294,43
4294967294,96
4294967294,94
4294967294,9
4294967294,8
4294967279,404
4294967278,387
4294967294,22
4294967278,132
4294967278,131
4294967278,130
4294967278,129
4294967278,128
4294967278,127
4294967278,126
4294967278,125
4294967278,124
4294967278,123
4294967278,361
4294967278,122
4294967278,121
4294967278,120
4294967278,119
4294967278,118
4294967278,117
4294967278,116
4294967278,115
4294967278,114
4294967278,113
4294967278,112
4294967278,111
4294967278,110
4294967278,109
4294967278,108
4294967278,107
4294967278,106
4294967278,105
4294967278,104
4294967278,103
4294967278,215
4294967278,102
4294967278,335
4294967278,101
4294967278,100
4294967278,98
4294967278,96
4294967278,95
4294967278,94
4294967278,93
4294967278,92
4294967278,91
4294967278,86
4294967278,84
4294967278,82
4294967278,81
4294967278,80
4294967278,78
4294967278,77
4294967278,76
4294967278,75
4294967278,74
4294967278,73
4294967278,71
4294967278,67
4294967278,66
4294967278,65
4294967278,64
4294967278,62
4294967278,59
4294967278,58
4294967278,57
4294967278,56
4294967278,0
4294967279,77
4294967279,74
4294967279,73
4294967279,66
4294967279,65
4294967279,63
4294967279,59
4294967279,50
4294967279,42
4294967279,41
4294967279,37
4294967279,31
4294967279,30
4294967279,18
4294967279,16
4294967279,10
4294967279,8
4294967279,7
4294967279,6
4294967279,4
4294967278,99
4294967279,403
4294967278,97
4294967278,372
4294967294,1237
4294967294,1234
4294967294,1233
4294967294,1217
4294967294,1062
4294967294,1059
4294967294,1057
4294967279,207
4294967279,206
4294967278,203
4294967278,90
4294967278,79
4294967279,396
4294967278,89
4294967279,395
4294967278,87
4294967279,201
4294967278,199
4294967294,477
4294967279,200
4294967279,393
4294967278,85
4294967278,198
4294967279,199
4294967278,83
4294967278,195
4294967279,196
4294967278,192
146,5
4294967279,195
146,4
146,2
146,1
4294967279,194
4294967279,76
4294967278,191
4294967279,192
4294967278,72
144,4
144,3
144,2
144,1
4294967279,186
4294967278,69
4294967279,443
4294967278,70
4294967278,358
143,6
4294967278,68
4294967279,460
143,5
4294967278,63
143,4
143,3
143,2
143,1
4294967278,367
4294967279,178
4294967278,176
